2.07216678e+022.07962408e+02
2.08701546e+02
2.09434035e+02
2.10159818e+02
2.10878841e+02
2.11591049e+02
2.12296387e+02
2.12994802e+02
2.13686241e+02
2.14370651e+02
2.15047980e+02
2.15718176e+02
2.16381188e+02
2.17036967e+02
2.17685461e+02
2.18326621e+02
2.18960399e+02
2.19586747e+02
2.20205616e+02
2.20816960e+02
2.21420732e+02
2.22016885e+02
2.22605376e+02
2.23186158e+02
2.23759188e+02
2.24324422e+02
2.24881816e+02
2.25431329e+02
2.25972919e+02
2.26506544e+02
2.27032163e+02
2.27549738e+02
2.28059227e+02
2.28560594e+02
2.29053798e+02
2.29538803e+02
2.30015572e+02
2.30484068e+02
2.30944257e+02
2.31396102e+02
2.31839569e+02
2.32274625e+02
2.32701236e+02
2.33119370e+02
2.33528996e+02
2.33930081e+02
2.34322596e+02
2.34706510e+02
2.35081795e+02
2.35448421e+02
2.35806361e+02
2.36155587e+02
2.36496073e+02
2.36827794e+02
2.37150722e+02
2.37464836e+02
2.37770109e+02
2.38066519e+02
2.38354044e+02
2.38632661e+02
2.38902349e+02
2.39163088e+02
2.39414858e+02
2.39657640e+02
2.39891414e+02
2.40116165e+02
2.40331873e+02
2.40538523e+02
2.40736100e+02
2.40924587e+02
2.41103972e+02
2.41274239e+02
2.41435376e+02
2.41587372e+02
2.41730213e+02
2.41863890e+02
2.41988392e+02
2.42103710e+02
2.42209834e+02
2.42306758e+02
2.42394473e+02
2.42472973e+02
2.42542251e+02
2.42602303e+02
2.42653124e+02
2.42694711e+02
2.42727059e+02
2.42750166e+02
2.42764031e+02
2.42768653e+02
2.42764031e+02
2.42750166e+02
2.42727059e+02
2.42694711e+02
2.42653124e+02
2.42602303e+02
2.42542251e+02
2.42472973e+02
2.42394473e+02
2.42306758e+02
2.42209834e+02
2.42103710e+02
2.41988392e+02
2.41863890e+02
2.41730213e+02
2.41587372e+02
2.41435376e+02
2.41274239e+02
2.41103972e+02
2.40924587e+02
2.40736100e+02
2.40538523e+02
2.40331873e+02
2.40116165e+02
2.39891414e+02
2.39657640e+02
2.39414858e+02
2.39163088e+02
2.38902349e+02
2.38632661e+02
2.38354044e+02
2.38066519e+02
2.37770109e+02
2.37464836e+02
2.37150722e+02
2.36827794e+02
2.36496073e+02
2.36155587e+02
2.35806361e+02
2.35448421e+02
2.35081795e+02
2.34706510e+02
2.34322596e+02
2.33930081e+02
2.33528996e+02
2.33119370e+02
2.32701236e+02
2.32274625e+02
2.31839569e+02
2.31396102e+02
2.30944257e+02
2.30484068e+02
2.30015572e+02
2.29538803e+02
2.29053798e+02
2.28560594e+02
2.28059227e+02
2.27549738e+02
2.27032163e+02
2.26506544e+02
2.25972919e+02
2.25431329e+02
2.24881816e+02
2.24324422e+02
2.23759188e+02
2.23186158e+02
2.22605376e+02
2.22016885e+02
2.21420732e+02
2.20816960e+02
2.20205616e+02
2.19586747e+02
2.18960399e+02
2.18326621e+02
2.17685461e+02
2.17036967e+02
2.16381188e+02
2.15718176e+02
2.15047980e+02
2.14370651e+02
2.13686241e+02
2.12994802e+02
2.12296387e+02
2.11591049e+02
2.10878841e+02
2.10159818e+02
2.09434035e+02
2.08701546e+02
2.07962408e+02
2.07216678e+02
2.06464410e+02
2.05705664e+02
2.04940497e+02
2.04168966e+02
2.03391132e+02
2.02607052e+02
2.01816787e+02
2.01020397e+02
2.00217943e+02
1.99409485e+02
1.98595086e+02
1.97774807e+02
1.96948711e+02
1.96116860e+02
1.95279318e+02
1.94436149e+02
1.93587417e+02
1.92733187e+02
1.91873524e+02
1.91008492e+02
1.90138159e+02
1.89262590e+02
1.88381852e+02
1.87496011e+02
1.86605137e+02
1.85709296e+02
1.84808556e+02
1.83902987e+02
1.82992656e+02
1.82077634e+02
1.81157991e+02
1.80233795e+02
1.79305118e+02
1.78372030e+02
1.77434603e+02
1.76492907e+02
1.75547015e+02
1.74596999e+02
1.73642930e+02
1.72684881e+02
1.71722926e+02
1.70757138e+02
1.69787590e+02
1.68814356e+02
1.67837510e+02
1.66857127e+02
1.65873281e+02
1.64886047e+02
1.63895501e+02
1.62901717e+02
1.61904772e+02
1.60904742e+02
1.59901701e+02
1.58895728e+02
1.57886898e+02
1.56875289e+02
1.55860977e+02
1.54844039e+02
1.53824554e+02
1.52802599e+02
1.51778251e+02
1.50751588e+02
1.49722689e+02
1.48691633e+02
1.47658497e+02
1.46623360e+02
1.45586302e+02
1.44547400e+02
1.43506735e+02
1.42464385e+02
1.41420430e+02
1.40374950e+02
1.39328023e+02
1.38279730e+02
1.37230151e+02
1.36179365e+02
1.35127452e+02
1.34074493e+02
1.33020568e+02
1.31965757e+02
1.30910140e+02
1.29853798e+02
1.28796812e+02
1.27739261e+02
1.26681226e+02
1.25622788e+02
1.24564027e+02
1.23505024e+02
1.22445860e+02
1.21386616e+02
1.20327371e+02
1.19268207e+02
1.18209204e+02
1.17150443e+02
1.16092005e+02
1.15033970e+02
1.13976419e+02
1.12919433e+02
1.11863091e+02
1.10807474e+02
1.09752663e+02
1.08698738e+02
1.07645779e+02
1.06593866e+02
1.05543080e+02
1.04493501e+02
1.03445208e+02
1.02398281e+02
1.01352801e+02
1.00308846e+02
9.92664961e+01
9.82258308e+01
9.71869294e+01
9.61498708e+01
9.51147341e+01
9.40815981e+01
9.30505415e+01
9.20216428e+01
9.09949804e+01
8.99706324e+01
8.89486768e+01
8.79291916e+01
8.69122542e+01
8.58979422e+01
8.48863328e+01
8.38775030e+01
8.28715297e+01
8.18684895e+01
8.08684587e+01
7.98715135e+01
7.88777299e+01
7.78871835e+01
7.68999498e+01
7.59161038e+01
7.49357207e+01
7.39588749e+01
7.29856410e+01
7.20160929e+01
7.10503047e+01
7.00883497e+01
6.91303013e+01
6.81762324e+01
6.72262157e+01
6.62803235e+01
6.53386279e+01
6.44012005e+01
6.34681128e+01
6.25394359e+01
6.16152403e+01
6.06955966e+01
5.97805748e+01
5.88702444e+01
5.79646750e+01
5.70639354e+01
5.61680941e+01
5.52772196e+01
5.43913795e+01
5.35106414e+01
5.26350723e+01
5.17647388e+01
5.08997074e+01
5.00400438e+01
4.91858135e+01
4.83370816e+01
4.74939127e+01
4.66563710e+01
4.58245204e+01
4.49984240e+01
4.41781449e+01
4.33637456e+01
4.25552880e+01
4.17528337e+01
4.09564438e+01
4.01661790e+01
3.93820994e+01
3.86042648e+01
3.78327344e+01
3.70675669e+01
3.63088207e+01
3.55565535e+01
3.48108225e+01
3.40716847e+01
3.33391962e+01
3.26134129e+01
3.18943900e+01
3.11821822e+01
3.04768439e+01
2.97784287e+01
2.90869899e+01
2.84025800e+01
2.77252512e+01
2.70550551e+01
2.63920426e+01
2.57362644e+01
2.50877704e+01
2.44466099e+01
2.38128317e+01
2.31864841e+01
2.25676149e+01
2.19562711e+01
2.13524993e+01
2.07563456e+01
2.01678551e+01
1.95870729e+01
1.90140432e+01
1.84488095e+01
1.78914149e+01
1.73419018e+01
1.68003122e+01
1.62666872e+01
1.57410675e+01
1.52234932e+01
1.47140035e+01
1.42126374e+01
1.37194330e+01
1.32344279e+01
1.27576590e+01
1.22891626e+01
1.18289744e+01
1.13771295e+01
1.09336621e+01
1.04986063e+01
1.00719949e+01
9.65386061e+00
9.24423519e+00
8.84314984e+00
8.45063512e+00
8.06672091e+00
7.69143644e+00
7.32481031e+00
6.96687042e+00
6.61764404e+00
6.27715776e+00
5.94543751e+00
5.62250856e+00
5.30839549e+00
5.00312222e+00
4.70671201e+00
4.41918743e+00
4.14057037e+00
3.87088205e+00
3.61014300e+00
3.35837309e+00
3.11559149e+00
2.88181669e+00
2.65706648e+00
2.44135799e+00
2.23470764e+00
2.03713117e+00
1.84864362e+00
1.66925936e+00
1.49899203e+00
1.33785461e+00
1.18585937e+00
1.04301789e+00
9.09341029e-01
7.84838983e-01
6.69521230e-01
5.63396550e-01
4.66473026e-01
3.78758040e-01
3.00258270e-01
2.30979695e-01
1.70927590e-01
1.20106530e-01
7.85203841e-02
4.61723190e-02
2.30647986e-02
9.19958235e-03
4.57772628e-03
9.19958235e-03
2.30647986e-02
4.61723190e-02
7.85203841e-02
1.20106530e-01
1.70927590e-01
2.30979695e-01
3.00258270e-01
3.78758040e-01
4.66473026e-01
5.63396550e-01
6.69521230e-01
7.84838983e-01
9.09341029e-01
1.04301789e+00
1.18585937e+00
1.33785461e+00
1.49899203e+00
1.66925936e+00
1.84864362e+00
2.03713117e+00
2.23470764e+00
2.44135799e+00
2.65706648e+00
2.88181669e+00
3.11559149e+00
3.35837309e+00
3.61014300e+00
3.87088205e+00
4.14057037e+00
4.41918743e+00
4.70671201e+00
5.00312222e+00
5.30839549e+00
5.62250856e+00
5.94543751e+00
6.27715776e+00
6.61764404e+00
6.96687042e+00
7.32481031e+00
7.69143644e+00
8.06672091e+00
8.45063512e+00
8.84314984e+00
9.24423519e+00
9.65386061e+00
1.00719949e+01
1.04986063e+01
1.09336621e+01
1.13771295e+01
1.18289744e+01
1.22891626e+01
1.27576590e+01
1.32344279e+01
1.37194330e+01
1.42126374e+01
1.47140035e+01
1.52234932e+01
1.57410675e+01
1.62666872e+01
1.68003122e+01
1.73419018e+01
1.78914149e+01
1.84488095e+01
1.90140432e+01
1.95870729e+01
2.01678551e+01
2.07563456e+01
2.13524993e+01
2.19562711e+01
2.25676149e+01
2.31864841e+01
2.38128317e+01
2.44466099e+01
2.50877704e+01
2.57362644e+01
2.63920426e+01
2.70550551e+01
2.77252512e+01
2.84025800e+01
2.90869899e+01
2.97784287e+01
3.04768439e+01
3.11821822e+01
3.18943900e+01
3.26134129e+01
3.33391962e+01
3.40716847e+01
3.48108225e+01
3.55565535e+01
3.63088207e+01
3.70675669e+01
3.78327344e+01
3.86042648e+01
3.93820994e+01
4.01661790e+01
4.09564438e+01
4.17528337e+01
4.25552880e+01
4.33637456e+01
4.41781449e+01
4.49984240e+01
4.58245204e+01
4.66563710e+01
4.74939127e+01
4.83370816e+01
4.91858135e+01
5.00400438e+01
5.08997074e+01
5.17647388e+01
5.26350723e+01
5.35106414e+01
5.43913795e+01
5.52772196e+01
5.61680941e+01
5.70639354e+01
5.79646750e+01
5.88702444e+01
5.97805748e+01
6.06955966e+01
6.16152403e+01
6.25394359e+01
6.34681128e+01
6.44012005e+01
6.53386279e+01
6.62803235e+01
6.72262157e+01
6.81762324e+01
6.91303013e+01
7.00883497e+01
7.10503047e+01
7.20160929e+01
7.29856410e+01
7.39588749e+01
7.49357207e+01
7.59161038e+01
7.68999498e+01
7.78871835e+01
7.88777299e+01
7.98715135e+01
8.08684587e+01
8.18684895e+01
8.28715297e+01
8.38775030e+01
8.48863328e+01
8.58979422e+01
8.69122542e+01
8.79291916e+01
8.89486768e+01
8.99706324e+01
9.09949804e+01
9.20216428e+01
9.30505415e+01
9.40815981e+01
9.51147341e+01
9.61498708e+01
9.71869294e+01
9.82258308e+01
9.92664961e+01
1.00308846e+02
1.01352801e+02
1.02398281e+02
1.03445208e+02
1.04493501e+02
1.05543080e+02
1.06593866e+02
1.07645779e+02
1.08698738e+02
1.09752663e+02
1.10807474e+02
1.11863091e+02
1.12919433e+02
1.13976419e+02
1.15033970e+02
1.16092005e+02
1.17150443e+02
1.18209204e+02
1.19268207e+02
1.20327371e+02
1.21386616e+02
1.22445860e+02
1.23505024e+02
1.24564027e+02
1.25622788e+02
1.26681226e+02
1.27739261e+02
1.28796812e+02
1.29853798e+02
1.30910140e+02
1.31965757e+02
1.33020568e+02
1.34074493e+02
1.35127452e+02
1.36179365e+02
1.37230151e+02
1.38279730e+02
1.39328023e+02
1.40374950e+02
1.41420430e+02
1.42464385e+02
1.43506735e+02
1.44547400e+02
1.45586302e+02
1.46623360e+02
1.47658497e+02
1.48691633e+02
1.49722689e+02
1.50751588e+02
1.51778251e+02
1.52802599e+02
1.53824554e+02
1.54844039e+02
1.55860977e+02
1.56875289e+02
1.57886898e+02
1.58895728e+02
1.59901701e+02
1.60904742e+02
1.61904772e+02
1.62901717e+02
1.63895501e+02
1.64886047e+02
1.65873281e+02
1.66857127e+02
1.67837510e+02
1.68814356e+02
1.69787590e+02
1.70757138e+02
1.71722926e+02
1.72684881e+02
1.73642930e+02
1.74596999e+02
1.75547015e+02
1.76492907e+02
1.77434603e+02
1.78372030e+02
1.79305118e+02
1.80233795e+02
1.81157991e+02
1.82077634e+02
1.82992656e+02
1.83902987e+02
1.84808556e+02
1.85709296e+02
1.86605137e+02
1.87496011e+02
1.88381852e+02
1.89262590e+02
1.90138159e+02
1.91008492e+02
1.91873524e+02
1.92733187e+02
1.93587417e+02
1.94436149e+02
1.95279318e+02
1.96116860e+02
1.96948711e+02
1.97774807e+02
1.98595086e+02
1.99409485e+02
2.00217943e+02
2.01020397e+02
2.01816787e+02
2.02607052e+02
2.03391132e+02
2.04168966e+02
2.04940497e+02
2.05705664e+02
2.06464410e+02
2.07216678e+02
